Original Dataset:
         CRIM    ZN  INDUS  CHAS    NOX  ...    TAX  PTRATIO       B  LSTAT  MEDV
0    0.00632  18.0   2.31     0  0.538  ...  296.0     15.3  396.90   4.98  24.0
1    0.02731   0.0   7.07     0  0.469  ...  242.0     17.8  396.90   9.14  21.6
2    0.02729   0.0   7.07     0  0.469  ...  242.0     17.8  392.83   4.03  34.7
3    0.03237   0.0   2.18     0  0.458  ...  222.0     18.7  394.63   2.94  33.4
4    0.06905   0.0   2.18     0  0.458  ...  222.0     18.7  396.90   5.33  36.2
..       ...   ...    ...   ...    ...  ...    ...      ...     ...    ...   ...
501  0.06263   0.0  11.93     0  0.573  ...  273.0     21.0  391.99   9.67  22.4
502  0.04527   0.0  11.93     0  0.573  ...  273.0     21.0  396.90   9.08  20.6
503  0.06076   0.0  11.93     0  0.573  ...  273.0     21.0  396.90   5.64  23.9
504  0.10959   0.0  11.93     0  0.573  ...  273.0     21.0  393.45   6.48  22.0
505  0.04741   0.0  11.93     0  0.573  ...  273.0     21.0  396.90   7.88  11.9

[506 rows x 14 columns]

----------Linear Regression----------

Dataset:
      LSTAT  MEDV
0     4.98  24.0
1     9.14  21.6
2     4.03  34.7
3     2.94  33.4
4     5.33  36.2
..     ...   ...
501   9.67  22.4
502   9.08  20.6
503   5.64  23.9
504   6.48  22.0
505   7.88  11.9

[506 rows x 2 columns]

R2 Score:  0.5237691479421495

RMSE:  6.3745343104907715

----------Polynomial Regression----------

Dataset:
      LSTAT  MEDV
0     4.98  24.0
1     9.14  21.6
2     4.03  34.7
3     2.94  33.4
4     5.33  36.2
..     ...   ...
501   9.67  22.4
502   9.08  20.6
503   5.64  23.9
504   6.48  22.0
505   7.88  11.9

[506 rows x 2 columns]

R2 Score:  0.5224136334430195

RMSE:  4.210656703945617

----------Multiple Regression----------

Dataset:
         RM  PTRATIO  LSTAT  MEDV
0    6.575     15.3   4.98  24.0
1    6.421     17.8   9.14  21.6
2    7.185     17.8   4.03  34.7
3    6.998     18.7   2.94  33.4
4    7.147     18.7   5.33  36.2
..     ...      ...    ...   ...
501  6.593     21.0   9.67  22.4
502  6.120     21.0   9.08  20.6
503  6.976     21.0   5.64  23.9
504  6.794     21.0   6.48  22.0
505  6.030     21.0   7.88  11.9

[506 rows x 4 columns]

R2 Score:  0.4930978864305572

RMSE:  5.039931488838319

Adjusted R2 Score:  0.7172446922069946
